1880
9914
5528
4723
2391
4551
8623
9827
3084
618
4176
3621
5736
7045
7208
2281
7243
5924
8083
3234
6329
9100
6648
5793
118
6587
1602
2671
7934
9599
7470
3952
4655
5911
4960
4094
7628
2197
7539
9677
5980
8893
3996
8506
2394
3878
3570
5102
2592
4216
6094
6428
8218
6442
22
1239
1329
1890
5971
5005
3017
6068
3793
8516
1704
8612
1799
7570
8573
2596
3261
5036
3084
8389
3417
5529
3176
8680
4820
9513
6956
9925
8161
6512
4462
4993
6835
7589
3744
8090
9415
7266
7304
8924
6049
1400
974
5351
2888
2072
1968
2228
643
4688
8559
9520
1281
6468
7903
1188
8281
250
3227
9948
3093
6592
6108
389
404
675
9485
8663
2220
8341
7233
7143
4691
8515
7685
7557
7505
8193
5845
6418
6567
4749
2025
2056
3283
9230
4739
4247
256
7381
8409
3754
7497
9650
2157
6929
7029
2241
8421
5755
3265
4580
6164
827
8763
5487
6815
1710
3179
8233
456
6374
8124
9118
2660
1950
6585
7101
8697
3922
8850
9136
9292
8734
7146
1968
2688
4698
4299
258
9309
6497
8184
8162
6389
2567
9396
5664
7143
7457
4676
6819
6042
4392
1769
1691
2078
2499
4807
2259
1428
5162
1951
1337